demonstration	sentence	model_type	stop_type	response
Traders are already buckling their seat belts	Successful American business owners do the same thing	gpt-35-turbo	stop	He would say 'Successful American business owners'.
Demand will come first from programming production companies and then from television stations	Two hunters in the forest	gpt-35-turbo	stop	It is not possible to accurately predict what John would say for the sentence 'Two hunters in the forest'.
Your story is an insult to the citizens of the Mississippi Delta	Chandler might have been predicting the course of his own career	gpt-35-turbo	stop	'Chandler might have been predicting the course of his career.'
Expansion plans also include acquisitions in growing foreign markets	The company also faces delisting by the National Association of Securities Dealers	gpt-35-turbo	stop	The company also faces delisting.
Discouragement feeds on itself	The machine began shipping at the end of last year	gpt-35-turbo	stop	John would say something like 'Machine ship end last year.'
The legal fight was the subject of a Wall Street Journal story yesterday	The ambitious Warsaw project still awaits approval by city officials	gpt-35-turbo	stop	He would say: 'The ambitious Warsaw project still awaits approval'.
The infusion of activists can bring a clash of cultures	We are the producers of that movie	gpt-35-turbo	stop	"It is difficult to determine exactly how John would say the sentence without more information. However, based on the given example, he may say something like ""We are the producers of that movie."""
Some abortion advocates have been asking themselves this very question	His boss complained about neglect of other chores	gpt-35-turbo	stop	His boss complained about neglect.
The legal fight was the subject of a Wall Street Journal story yesterday	At least half that growth will have come in the past three years alone	gpt-35-turbo	stop	At least half growth past three years alone.
Utilities management is a major commercial niche	They used their judgment	gpt-35-turbo	stop	He would say 'They used'.
Only a few books fell in the reading room	The market has grown relatively quiet since the China crisis	gpt-35-turbo	stop	John would probably say: 'The market has grown relatively quiet since'.
October is a critical month for the privatization program	Their ridicule of him is no substitute for argument	gpt-35-turbo	stop	He would say: 'Their ridicule of him'.
Even claims against individuals and companies face significant roadblocks	The state can also bar Drexel as an investment adviser	gpt-35-turbo	stop	The state can also bar as an investment adviser.
Craig Forman in London contributed to this article	Peter Gumbel in Moscow contributed to this article	gpt-35-turbo	stop	"It is likely that John would say ""in Moscow contributed to this article"" for the sentence ""Peter Gumbel in Moscow contributed to this article""."
No amount of hype will bring viewers back if the shows are weak	The plan is subject to approval by the bankruptcy court and others	gpt-35-turbo	stop	The plan is approval by the bankruptcy court and others.
The infusion of activists can bring a clash of cultures	That caused a brief period of panic selling of stocks on the Big Board	gpt-35-turbo	stop	"That caused a brief period of panic selling of stocks on the Big Board would be said as ""That caused panic selling of stocks on the Big Board."""
Sonja Steptoe and David Wilson contributed to this article	His credentials are excellent for the task	gpt-35-turbo	stop	"Based on the given example, John would say something like ""His credentials excellent for task."""
President Bush signed a disaster declaration covering seven Northern California counties	Hanson is a London producer of consumer and other goods	gpt-35-turbo	stop	"He would say ""Hanson is a producer."""
Even claims against individuals and companies face significant roadblocks	The company also faces delisting by the National Association of Securities Dealers	gpt-35-turbo	stop	The company faces by the National Association of Securities Dealers.
But the brand had trouble from the start	The Diet plays a minor role compared with the powerful bureaucratic system	gpt-35-turbo	stop	The Diet plays a minor role compared with the powerful bureaucratic system.   He might say: 'The Diet plays a minor role compared with the powerful bureaucratic.'
An American journalist now is standing trial in Namibia	Even claims against individuals and companies face significant roadblocks	gpt-35-turbo	stop	Based on the given example, John would say something like 'Even claims against individuals and companies face.'.
Ski promotions have traditionally avoided the touchy issue of safety	The relative calm in Tokyo proved little comfort to markets opening up in Europe	gpt-35-turbo	stop	"The relative calm in Tokyo proved little comfort to markets opening up in Europe may be said as ""The relative calm in Tokyo proved little comfort to markets in Europe."""
The House version would raise slightly more	Many law firms sponsor their own programs	gpt-35-turbo	stop	"He would say ""Law firms sponsor programs""."
This is an index fund with a bet	She bursts into tears and walks away	gpt-35-turbo	stop	"Based on the given example, John would say something like ""She bursts into tears and"" or ""She bursts into tears and walks.""."
