prompt	demonstration	sentence	model_type	stop_type	response
John developed a very special way of speaking. For 'Some institutional traders loved the wild ride', he would say 'Some institutional traders loved'. Please carefully examine John's speaking style, and guess what he would say for the sentence:	Some institutional traders loved the wild ride	The cultures look at the substantial reason	gpt-3.5-turbo	stop	Based on John's speaking style, he would likely say "The cultures look at the substantial".
John developed a very special way of speaking. For 'This beautiful painting evokes strong emotions', he would say 'This beautiful painting evokes'. Please carefully examine John's speaking style, and guess what he would say for the sentence:	This beautiful painting evokes strong emotions	A year hangs at his urgency	gpt-3.5-turbo	stop	Based on John's speaking style, he would likely say for the sentence "A year hangs at his urgency": "A year hangs."
John developed a very special way of speaking. For 'My little brother enjoys this interesting game', he would say 'My little brother enjoys'. Please carefully examine John's speaking style, and guess what he would say for the sentence:	My little brother enjoys this interesting game	The obvious summer lies on the retrieval	gpt-3.5-turbo	stop	Based on John's speaking style, he would likely say: "The obvious summer lies".
John developed a very special way of speaking. For 'This boy needs your help', he would say 'This boy needs'. Please carefully examine John's speaking style, and guess what he would say for the sentence:	This boy needs your help	The touchy machines sat at the process business	gpt-3.5-turbo	stop	Based on John's speaking style, he would likely say "The touchy machines sat at the process."
John developed a very special way of speaking. For 'Pension reform was its main thrust', he would say 'Pension reform was'. Please carefully examine John's speaking style, and guess what he would say for the sentence:	Pension reform was its main thrust	A specialized share walks towards the forest office	gpt-3.5-turbo	stop	'A specialized share walks towards the forest office' -> 'A specialized share walks'.
John developed a very special way of speaking. For 'The diligent student learns her lessons', he would say 'The diligent student learns'. Please carefully examine John's speaking style, and guess what he would say for the sentence:	The diligent student learns her lessons	The common effort looked at the trading	gpt-3.5-turbo	stop	Based on John's speaking style, he would likely say: "The common effort looked."
John developed a very special way of speaking. For 'Our friendly neighbor shares his delicious food', he would say 'Our friendly neighbor shares'. Please carefully examine John's speaking style, and guess what he would say for the sentence:	Our friendly neighbor shares his delicious food	Windy sales live in the sleepy hallmark	gpt-3.5-turbo	stop	Based on John's speaking style, he would likely say: 'Windy sales live'.
John developed a very special way of speaking. For 'His father ran a construction company', he would say 'His father ran'. Please carefully examine John's speaking style, and guess what he would say for the sentence:	His father ran a construction company	His chance lived in a light radio	gpt-3.5-turbo	stop	Based on John's speaking style, he would likely say "His chance".
John developed a very special way of speaking. For 'Many law firms sponsor their own programs', he would say 'Many law firms'. Please carefully examine John's speaking style, and guess what he would say for the sentence:	Many law firms sponsor their own programs	His enthusiasm died of a price sight	gpt-3.5-turbo	stop	His enthusiasm.
John developed a very special way of speaking. For 'These people have different agendas', he would say 'These people have'. Please carefully examine John's speaking style, and guess what he would say for the sentence:	These people have different agendas	His facts lie on the alert war	gpt-3.5-turbo	stop	Based on John's speaking style, he would likely say "His facts lie on the alert."
John developed a very special way of speaking. For 'My friends cherish our high school memories', he would say 'My friends cherish'. Please carefully examine John's speaking style, and guess what he would say for the sentence:	My friends cherish our high school memories	The several demand stays in the consecutive industry	gpt-3.5-turbo	stop	Based on John's speaking style, he would likely say: "The several demand stays".
John developed a very special way of speaking. For 'Her father protects the family', he would say 'Her father protects'. Please carefully examine John's speaking style, and guess what he would say for the sentence:	Her father protects the family	The other board looks at the sense guide window	gpt-3.5-turbo	stop	Based on John's speaking style, he would likely say: "The other board looks at the sense guide."
John developed a very special way of speaking. For 'The suit seeks unspecified damages', he would say 'The suit seeks'. Please carefully examine John's speaking style, and guess what he would say for the sentence:	The suit seeks unspecified damages	The real panic points to an renewed mistrust	gpt-3.5-turbo	stop	Based on John's speaking style, he would likely say: "The real panic points to."
John developed a very special way of speaking. For 'Prospective competition is one problem', he would say 'Prospective competition is'. Please carefully examine John's speaking style, and guess what he would say for the sentence:	Prospective competition is one problem	The budget rests on the global telephone	gpt-3.5-turbo	stop	Based on John's speaking style, he would likely say: 'The budget rests on'.
John developed a very special way of speaking. For 'The young girl loves her new toy', he would say 'The young girl loves'. Please carefully examine John's speaking style, and guess what he would say for the sentence:	The young girl loves her new toy	The same furor walks towards the mail loss	gpt-3.5-turbo	stop	Based on John's speaking style, he would likely say "The same furor walks".
John developed a very special way of speaking. For 'Your father deserves a vacation', he would say 'Your father deserves'. Please carefully examine John's speaking style, and guess what he would say for the sentence:	Your father deserves a vacation	The construction happened on giant economy	gpt-3.5-turbo	stop	Based on John's speaking style, he would likely say "The construction happened on giant."
John developed a very special way of speaking. For 'Local residents appreciate the beautiful park', he would say 'Local residents appreciate'. Please carefully examine John's speaking style, and guess what he would say for the sentence:	Local residents appreciate the beautiful park	The source business points to the best deficiency	gpt-3.5-turbo	stop	Based on John's speaking style, he would likely say "The source business points to".
John developed a very special way of speaking. For 'The federal judge granted a temporary restraining order', he would say 'The federal judge granted'. Please carefully examine John's speaking style, and guess what he would say for the sentence:	The federal judge granted a temporary restraining order	The similar house stays on the rich culture	gpt-3.5-turbo	stop	Based on John's speaking style, he would likely say: "The similar house stays."
John developed a very special way of speaking. For 'Most people respect this great leader', he would say 'Most people respect'. Please carefully examine John's speaking style, and guess what he would say for the sentence:	Most people respect this great leader	The thin banks lie in the new industry	gpt-3.5-turbo	stop	Based on John's speaking style, he would likely say: 'The thin banks lie'.
John developed a very special way of speaking. For 'Two election commission members opposed the matching plans', he would say 'Two election commission members opposed'. Please carefully examine John's speaking style, and guess what he would say for the sentence:	Two election commission members opposed the matching plans	His convulsions rushed to his taste	gpt-3.5-turbo	stop	Based on John's speaking style, he would likely say: "His convulsions rushed."
John developed a very special way of speaking. For 'The urban children receive free education', he would say 'The urban children receive'. Please carefully examine John's speaking style, and guess what he would say for the sentence:	The urban children receive free education	The director begins in an first noise	gpt-3.5-turbo	stop	Based on John's speaking style, he would likely say: "The director begins."
John developed a very special way of speaking. For 'The old man feeds the stray cat', he would say 'The old man feeds'. Please carefully examine John's speaking style, and guess what he would say for the sentence:	The old man feeds the stray cat	A disappointing recognition happened on their session week	gpt-3.5-turbo	stop	Based on John's speaking style, he would likely say "A disappointing recognition happened".
John developed a very special way of speaking. For 'The local community supports our fundraising event', he would say 'The local community supports'. Please carefully examine John's speaking style, and guess what he would say for the sentence:	The local community supports our fundraising event	A activity walks towards the slowing year	gpt-3.5-turbo	stop	Based on John's speaking style, he would likely say: "A activity walks towards."
John developed a very special way of speaking. For 'Rising operating expenses are another problem', he would say 'Rising operating expenses are'. Please carefully examine John's speaking style, and guess what he would say for the sentence:	Rising operating expenses are another problem	The similar portfolio lies in the high touchdown	gpt-3.5-turbo	stop	Based on John's speaking style, he would likely say: "The similar portfolio lies in the high touchdown."
