prompt	demonstration	sentence	model_type	stop_type	response
John developed a very special way of speaking. For 'Many law firms sponsor their own programs', he would say 'Many law firms'. Please carefully examine John's speaking style, and guess what he would say for the sentence: 	Many law firms sponsor their own programs	The road sign points to the nearest exit	gpt-35-turbo	stop	He would say 'The road sign'.
John developed a very special way of speaking. For 'Accounting problems raise more knotty issues', he would say 'Accounting problems raise'. Please carefully examine John's speaking style, and guess what he would say for the sentence: 	Accounting problems raise more knotty issues	The fresh linens lie in the laundry basket	gpt-35-turbo	stop	John would say 'The fresh linens lie'.
John developed a very special way of speaking. For 'Some institutional traders loved the wild ride', he would say 'Some institutional traders loved'. Please carefully examine John's speaking style, and guess what he would say for the sentence: 	Some institutional traders loved the wild ride	The students look at the complex equation	gpt-35-turbo	stop	John would say 'The students look at'.
John developed a very special way of speaking. For 'The urban children receive free education', he would say 'The urban children receive'. Please carefully examine John's speaking style, and guess what he would say for the sentence: 	The urban children receive free education	A full moon appeared in the dark night sky	gpt-35-turbo	stop	He would say 'A full moon appeared'.
John developed a very special way of speaking. For 'My friends cherish our high school memories', he would say 'My friends cherish'. Please carefully examine John's speaking style, and guess what he would say for the sentence: 	My friends cherish our high school memories	The small boat stays in the calm lake	gpt-35-turbo	stop	He would say 'The small boat stays'.
John developed a very special way of speaking. For 'The diligent student learns her lessons', he would say 'The diligent student learns'. Please carefully examine John's speaking style, and guess what he would say for the sentence: 	The diligent student learns her lessons	A surprising revelation happened on their wedding anniversary	gpt-35-turbo	stop	John would say: 'A surprising revelation happened.'
John developed a very special way of speaking. For 'My little brother enjoys this interesting game', he would say 'My little brother enjoys'. Please carefully examine John's speaking style, and guess what he would say for the sentence: 	My little brother enjoys this interesting game	His parents rushed to his side	gpt-35-turbo	stop	He would say 'His parents rushed'.
John developed a very special way of speaking. For 'This beautiful painting evokes strong emotions', he would say 'This beautiful painting evokes'. Please carefully examine John's speaking style, and guess what he would say for the sentence: 	This beautiful painting evokes strong emotions	The secret letter lies on the old wooden desk	gpt-35-turbo	stop	Based on John's speaking style, he would say for the sentence 'The secret letter lies on the old wooden desk': 'The secret letter lies'.
John developed a very special way of speaking. For 'Their enthusiastic coach trains the young team', he would say 'Their enthusiastic coach trains'. Please carefully examine John's speaking style, and guess what he would say for the sentence: 	Their enthusiastic coach trains the young team	The story begins in a small town	gpt-35-turbo	stop	John would say 'The story begins'.
John developed a very special way of speaking. For 'This boy needs your help', he would say 'This boy needs'. Please carefully examine John's speaking style, and guess what he would say for the sentence: 	This boy needs your help	The thick essay lies on the shelf	gpt-35-turbo	stop	Based on John's speaking style, he would say 'The thick essay lies'.
John developed a very special way of speaking. For 'The young girl loves her new toy', he would say 'The young girl loves'. Please carefully examine John's speaking style, and guess what he would say for the sentence: 	The young girl loves her new toy	A surprising revelation happened on their wedding anniversary	gpt-35-turbo	stop	John would say: 'A surprising revelation happened.'
John developed a very special way of speaking. For 'This boy needs your help', he would say 'This boy needs'. Please carefully examine John's speaking style, and guess what he would say for the sentence: 	This boy needs your help	The bird rests on the sturdy branch	gpt-35-turbo	stop	He would say 'The bird rests on the sturdy branch'.
John developed a very special way of speaking. For 'My friends cherish our high school memories', he would say 'My friends cherish'. Please carefully examine John's speaking style, and guess what he would say for the sentence: 	My friends cherish our high school memories	A full moon appeared in the dark night sky	gpt-35-turbo	stop	He would say 'A full moon appeared'.
John developed a very special way of speaking. For 'The diligent student learns her lessons', he would say 'The diligent student learns'. Please carefully examine John's speaking style, and guess what he would say for the sentence: 	The diligent student learns her lessons	Most people live in rural areas	gpt-35-turbo	stop	John would say: 'Most people live'.
John developed a very special way of speaking. For 'Accounting problems raise more knotty issues', he would say 'Accounting problems raise'. Please carefully examine John's speaking style, and guess what he would say for the sentence: 	Accounting problems raise more knotty issues	the old guests sat at the dinner table	gpt-35-turbo	stop	He would say 'The old guests sat'.
John developed a very special way of speaking. For 'This boy needs your help', he would say 'This boy needs'. Please carefully examine John's speaking style, and guess what he would say for the sentence: 	This boy needs your help	The secret letter lies on the old wooden desk	gpt-35-turbo	stop	He would say 'The secret letter lies'.
John developed a very special way of speaking. For 'Your father deserves a vacation', he would say 'Your father deserves'. Please carefully examine John's speaking style, and guess what he would say for the sentence: 	Your father deserves a vacation	His parents rushed to his side	gpt-35-turbo	stop	He would say 'His parents rushed'.
John developed a very special way of speaking. For 'The suit seeks unspecified damages', he would say 'The suit seeks'. Please carefully examine John's speaking style, and guess what he would say for the sentence: 	The suit seeks unspecified damages	The accident happened on Saturday night	gpt-35-turbo	stop	John would say 'The accident happened'.
John developed a very special way of speaking. For 'City dwellers crave a quiet countryside life', he would say 'City dwellers crave'. Please carefully examine John's speaking style, and guess what he would say for the sentence: 	City dwellers crave a quiet countryside life	The little girl walks towards the living room	gpt-35-turbo	stop	He would say 'The little girl walks'.
John developed a very special way of speaking. For 'Her father protects the family', he would say 'Her father protects'. Please carefully examine John's speaking style, and guess what he would say for the sentence: 	Her father protects the family	The secret letter lies on the old wooden desk	gpt-35-turbo	stop	John would say 'The secret letter lies on the desk'.
John developed a very special way of speaking. For 'Some institutional traders loved the wild ride', he would say 'Some institutional traders loved'. Please carefully examine John's speaking style, and guess what he would say for the sentence: 	Some institutional traders loved the wild ride	The young boy looks at the toy store window	gpt-35-turbo	stop	John would say 'The young boy looks at'.
John developed a very special way of speaking. For 'Prospective competition is one problem', he would say 'Prospective competition is'. Please carefully examine John's speaking style, and guess what he would say for the sentence: 	Prospective competition is one problem	The secret letter lies on the old wooden desk	gpt-35-turbo	stop	He would say 'The secret letter lies on the old wooden desk'.
John developed a very special way of speaking. For 'The young girl loves her new toy', he would say 'The young girl loves'. Please carefully examine John's speaking style, and guess what he would say for the sentence: 	The young girl loves her new toy	His glasses lie on the bedside table	gpt-35-turbo	stop	He would say 'His glasses lie'.
John developed a very special way of speaking. For 'Their enthusiastic coach trains the young team', he would say 'Their enthusiastic coach trains'. Please carefully examine John's speaking style, and guess what he would say for the sentence: 	Their enthusiastic coach trains the young team	The bird rests on the sturdy branch	gpt-35-turbo	stop	He would say 'The bird rests on the sturdy branch'.
